000001111000000000100000000000
000000000000000000010000000010
000000000000000000001000000010
000000000000100000000100000010
000000000001000000000010000010
000000000010000000000001000010
000000000100000000000000100000
000000001000000000000000000000
000000010000000000000000000000
000000100000000000000000000000
000001000000000000000000100000
000000000000000000000000010000
000000000000000000000000001000
000000000000000000000000000100
000000000000000000000000000010
000000000000100000000000000001
000000000000100000000000000100
000000000000100000000000000100
000000000000100000000001000100
000000000000000000000001000100
000000000000000000000001000100
000000000000000000000001000100
000000000000000000000001001100
000000000000000000000001000100
000000100000000000000001000010
000000100000000000000001000001
000000100000000000000000000000
000000100000000000000000000000
000000100000000000000000000000
000000000000000000000000000000
